result_id	race_id
1615	1739
345	396
346	255
347	672
342	623
343	382
348	609
594	1045
2318	3336
2316	2899
2315	3190
299	548
297	757
293	545
290	181
291	380
3777	4468
272	750
274	853
278	268
279	277
2268	2980
2442	3368
2443	3231
2441	3071
2447	3018
2444	2870
2448	3127
100	291
101	521
2045	2455
2042	2594
2043	2499
2040	2756
2041	2474
3154	4287
3516	4711
3514	4346
1436	1750
99	702
3394	4477
1993	2270
3204	4428
1995	2719
1626	1763
1997	2585
1996	2214
1629	1970
1431	1979
2864	3465
2865	3665
2866	3483
2867	3732
2868	4030
2869	3675
557	220
556	407
551	261
552	646
3340	4555
3341	4166
1195	1823
3344	4277
1758	1560
1757	2028
1752	1748
1750	2164
1175	1828
1174	1786
1171	2075
1170	2037
1178	1982
644	1301
1287	1848
1281	1618
1283	1706
1282	1820
515	635
879	1345
1289	1613
1288	1960
514	626
876	980
1579	1738
689	1207
688	1147
1572	1771
1571	1734
1570	1947
1577	2154
627	1380
625	1046
624	1373
2035	2383
1373	2084
1374	2125
2744	3934
3834	5139
453	709
3833	4753
1245	2085
378	712
374	729
376	281
403	388
391	588
390	169
397	337
396	711
394	569
399	701
2305	3253
2304	3083
2307	3246
3748	4448
3749	4478
3745	4446
244	657
240	215
243	267
249	438
248	561
2274	3372
2277	2823
2272	3171
2278	2994
2459	3169
2455	3063
2454	2801
646	1329
2453	2815
2051	2593
2053	2711
2055	2181
2057	2431
3691	4551
3692	4262
3693	4141
654	1243
655	1372
650	989
651	1208
3523	4396
1601	1589
2699	3289
2698	3030
2692	3159
1972	2424
3232	4203
3230	4509
3234	4572
1619	1949
1964	2502
1612	1566
1961	2570
2873	3708
2872	3743
2871	3476
2870	3620
2875	3635
2874	3562
1595	1704
3350	4261
3359	4413
3358	4338
1768	1658
1761	2166
1767	1128
1142	1986
1143	1547
1140	1656
1789	1728
768	918
769	1401
336	577
1546	1668
1544	1633
1542	1536
1543	1754
1540	1757
1541	2145
699	1095
1549	1663
542	704
762	988
541	373
547	674
548	705
549	649
760	1188
1784	1742
2968	3736
414	432
415	684
417	522
1388	1594
1389	1889
412	333
413	571
1384	1826
1385	1722
1386	1605
419	345
3826	4112
3825	4549
3821	4475
3820	4274
3828	4655
2768	3923
1254	1686
368	213
366	815
364	831
363	830
361	475
380	670
381	568
382	439
384	271
3759	4512
3750	4324
3756	4624
2190	2305
2191	2264
2192	2844
2193	2448
2194	3404
2195	2794
2196	2419
252	228
251	306
257	703
2201	2967
2202	2892
2208	3244
96	758
2428	3361
2429	2885
2423	3329
2424	3305
2427	3373
3689	4314
3681	4422
3684	4438
2519	3441
2515	3245
2516	2810
2510	3212
2511	3367
2734	3815
2737	3997
2730	4013
2738	3772
3535	4304
3536	4299
3538	4102
1815	2285
1816	2226
1817	2340
1810	2524
670	1394
671	1467
3229	4148
3225	4557
1600	2049
1602	1590
1605	2064
1971	2283
1970	2734
809	913
803	1143
802	898
801	1360
800	880
806	1375
805	1474
804	1413
2847	3671
3323	4250
3324	4251
3326	4486
3328	4318
1779	1908
1551	1667
1159	1874
1155	1844
1157	1769
1156	1824
1153	1448
1152	1983
2998	3638
2999	3871
1553	1644
1552	1614
1555	1880
1556	2150
3037	3973
2995	3865
537	640
2990	3891
532	402
531	655
3036	3824
2996	4042
2997	3552
1905	2345
536	679
1903	2404
3292	4452
1396	2051
1395	2038
1901	2403
854	1012
855	1226
530	549
258	572
2180	2320
2184	2508
2189	2452
2188	2631
222	560
2217	2304
2216	1877
2433	2902
2432	3156
2431	3232
2430	3110
2436	3036
2435	3198
2434	3003
2508	3136
2507	3052
2504	3407
2503	3175
2727	3696
2726	3873
2724	3949
2722	3724
2720	3474
2729	3718
1806	2521
3781	3831
3789	4394
1809	2723
1808	2415
1941	2167
3255	4415
3257	4682
819	1383
810	1251
811	1348
1990	2437
2853	3684
2852	3470
2855	3721
1621	1961
2857	4076
2856	3523
3332	4130
3331	4128
3330	4267
1498	1555
1627	1688
3339	4559
3338	4533
224	240
423	242
1702	1647
1703	1751
1624	1557
1128	1231
1129	1285
1628	1969
1120	636
1126	1288
3029	3613
3028	3796
3027	3946
3025	4045
524	562
525	193
1018	997
522	610
523	368
1014	894
1015	1022
1017	996
1010	1486
1011	1130
1012	1118
1013	1035
1234	1602
1235	1553
1232	1944
1233	1615
438	249
439	594
432	197
433	608
430	225
3808	4738
3804	4449
558	1290
554	648
3163	4497
995	1385
996	885
238	844
239	266
237	275
230	227
2945	3566
232	466
990	1204
2226	3150
2225	3322
2223	2663
2221	2419
120	524
2539	3351
2532	3066
124	433
2530	3125
2536	3189
2537	3019
2534	2800
125	390
2710	3678
2711	3956
2716	3531
2714	3840
2718	4059
2719	3792
1196	1522
1832	2757
1831	2681
1836	2449
1837	2281
1834	2444
1835	2357
3796	4629
3791	4276
3790	4290
2154	2646
2155	2647
2404	3129
2405	3049
2403	3332
2401	3163
933	1170
931	1316
930	1067
934	1468
1955	2280
1954	2679
1951	2547
1953	2773
1952	2299
1959	2168
1958	2726
3243	4521
3242	4155
3247	4273
3246	4493
829	1186
828	1056
825	932
824	1348
827	909
826	1019
821	1136
820	1303
823	1411
1483	2127
1486	1604
3309	4140
3304	4233
1488	1699
3302	4419
1712	2158
1717	995
1718	1608
798	938
612	1057
610	1278
1139	1973
2141	2613
1133	1227
1132	1163
1130	1310
1137	1741
1136	1798
2060	2576
614	1061
615	1137
2790	3703
3019	3803
3016	4002
3017	3802
3015	4080
519	311
518	617
926	1446
1007	1460
517	617
516	759
1226	1617
621	1334
629	1176
628	1049
1229	1937
1228	1945
2883	3765
2888	3713
3871	4994
3873	4777
3877	5055
3277	4269
3275	4494
1925	2337
3904	5272
3905	5019
3907	5177
3901	4750
3902	4765
928	907
209	525
3476	4284
685	1252
831	948
687	960
2238	3203
686	1188
2230	2811
682	919
3498	4109
3496	4488
3495	4593
3492	4242
3654	4280
3655	4498
3657	4351
3653	4214
2525	3041
2524	3279
2526	3419
2521	3027
2522	3046
2709	4027
2708	4033
2707	2912
2700	3290
2702	3215
1829	2199
2147	2720
2146	2618
2144	2614
2415	3438
2142	2791
2417	2841
2140	2225
2418	2859
924	1051
925	1195
2149	2721
1922	2557
1923	2396
3272	4554
3273	4587
3278	4514
3279	4301
3475	4710
3477	4156
3470	4697
3478	4701
3479	4329
3311	4566
3310	4547
3314	4335
3317	4234
785	1000
787	974
780	887
781	1028
783	1312
1726	1891
1725	1525
1722	1683
1723	2039
637	1318
3006	3734
3001	3563
3003	3947
3002	3908
407	696
1588	1907
1589	1737
406	384
1582	1659
1583	1672
1580	1660
1581	1876
1584	1701
1585	1744
1038	1230
1039	1125
508	633
1032	1044
507	859
1037	900
501	847
1216	1724
1217	1951
1394	2010
1983	2676
2899	3628
2895	3814
2897	3626
2896	3568
2893	3561
2892	4079
1455	1939
1457	1941
1452	1841
1453	1640
408	214
464	304
3869	4831
3868	4908
3863	4825
3862	4833
3860	4826
789	1108
3737	4382
3736	4443
3734	4628
3733	4653
3915	5195
3910	4934
216	224
217	174
214	265
212	849
213	302
211	198
218	300
920	1437
788	1078
3489	4118
3488	4659
3482	4355
3485	4325
938	944
3646	4504
3644	4560
3643	4491
3641	4684
3640	4162
2551	3369
2557	3442
2396	2896
2397	3100
2394	2796
2395	3120
2392	3153
2393	2863
2390	3299
2391	2572
2398	3115
640	1115
2770	3910
1859	2542
1856	2456
1857	2360
2172	2658
2170	2182
2171	2310
2176	2735
2179	2663
911	1036
910	1222
913	1052
912	1229
2604	3303
2605	3070
2606	3249
2607	3122
2600	3201
1932	2559
1931	2548
1937	2176
1935	2204
3269	4150
1938	2758
3463	4471
3462	4216
3460	4100
1193	1746
663	1343
3361	4283
1739	2083
1738	1727
1730	2009
1737	1726
753	1114
3782	3312
756	963
755	956
759	1279
758	878
3070	4516
1597	1628
2958	3870
1593	1838
1592	1637
2954	3764
3079	4562
2957	3912
1599	1529
2951	3529
3787	4418
1025	1328
1023	1365
503	190
605	1054
630	928
1209	1814
1208	2133
603	1337
602	1153
1205	1833
635	1420
3108	4289
3109	4654
3107	4564
3101	4578
3102	4377
3103	4286
1446	1927
1113	1205
1112	889
1443	1733
1442	2045
1116	1218
1118	1371
467	599
463	844
485	604
483	459
482	597
451	598
3851	4768
3858	4808
3859	4936
3670	4215
3677	4270
3674	4231
3675	4360
1107	1121
1104	1299
2381	3415
2380	3321
2383	3414
2382	3111
2384	3040
3581	4279
3582	4361
3583	4336
3585	2507
3586	3852
3587	3848
3588	4469
900	874
906	1244
907	1246
1843	2705
420	293
909	1073
1847	2273
1846	2759
1844	2706
1942	2457
1943	2393
2165	2498
2164	2301
2166	2372
2160	2622
2617	3047
2615	3061
2612	3469
2610	3106
1908	2332
3294	4705
1907	2443
3297	4636
3293	4143
3452	4657
3453	4174
3450	4583
3456	4540
851	1287
852	1234
858	979
425	686
611	1300
1184	1990
740	1335
743	1379
744	984
747	1150
749	1378
1799	2520
3066	3551
2948	3974
2947	3758
3069	3527
3068	3778
2942	3922
2941	3820
1051	943
1053	1346
1059	1347
715	983
618	1412
619	1193
617	1237
1276	2012
710	1403
3119	4520
3118	4208
3114	4426
3113	4656
3111	4625
3110	4147
1472	2136
1470	1898
1471	1898
1477	1578
1494	1832
1479	2138
1304	1636
1306	1573
1307	2126
1302	1745
1303	1523
1309	1855
1499	1773
494	440
496	603
492	625
3596	4160
927	968
3846	4887
1604	1847
874	1200
2289	3164
3663	4359
2283	3208
2285	3170
2286	3287
2578	3096
2579	2846
2576	3377
2572	3345
2570	3398
2378	2918
2379	3008
2374	3226
2375	3224
2377	2834
2370	2975
2372	3402
3592	4107
2596	3443
2597	3263
3597	4714
2591	2845
3595	4517
3599	4139
3598	4622
1874	2361
1875	2552
1873	2541
1870	2277
972	1152
971	1367
979	236
978	235
2110	2382
2111	2381
2114	2604
2115	2373
2116	2602
1559	1909
2623	3450
2620	3306
2621	3363
2626	3447
2625	3119
1919	2359
1911	2555
3285	4570
3283	4322
3281	4503
3280	4615
3445	4414
3444	4278
3446	4513
3441	4164
3440	4582
3443	4103
3442	4123
2024	2179
2754	3809
2027	2495
2020	2275
2753	3808
2023	2727
2759	3710
883	1042
882	1256
881	1223
774	1104
776	1197
770	1119
779	1025
778	1120
76	589
72	498
71	497
3059	3615
3056	3867
3057	3728
3054	3725
2976	3495
3053	3856
2974	3950
78	436
1043	921
1042	1257
1041	1376
1040	1066
1047	1059
1046	1142
1044	1167
1048	1298
2983	3577
1683	1981
1685	1629
1684	1919
2981	3783
2980	3639
669	986
668	1041
2987	3715
1260	1788
1267	1580
2986	3943
3129	4378
1915	2395
264	294
3124	4113
1467	1940
1461	1962
1460	1811
1462	1964
1317	2026
1313	1620
1312	2121
1310	1524
1318	1595
860	1377
865	1341
310	427
1618	1936
866	875
2756	3810
2757	3534
2026	2716
441	394
446	528
564	827
3617	4255
3618	4569
2292	3339
2291	3342
2294	2813
404	385
2562	3188
2565	2909
2564	2910
2566	2906
2367	3328
2366	3062
2365	3124
2364	2923
2360	2886
2587	2817
2586	3379
402	443
2589	3266
1866	2544
3724	4634
3726	4472
964	1293
960	1406
961	1159
401	223
969	1422
2108	2323
286	178
2106	2438
2105	2195
2639	3386
2638	3241
400	622
2637	3240
2636	3002
636	977
878	1055
1536	1954
872	1483
871	1043
2037	2206
2036	2717
2743	3548
2742	4004
2746	2900
1533	1787
2039	2556
891	888
892	884
893	927
894	915
647	1332
896	1426
897	951
898	1382
1246	1558
3545	4698
3541	4266
3543	4483
641	1395
1616	1753
1617	1887
2965	3748
2964	3650
2967	3509
2966	1760
2961	3992
2960	3682
2963	3731
2962	3597
1780	2163
763	1219
1782	1997
761	923
1785	1968
764	1100
3049	3916
3041	3791
3040	3553
3045	3573
3044	3730
3047	3690
3046	3773
1078	870
1077	1074
1075	1228
1072	1396
1678	2054
1675	1533
1677	2080
1097	991
1091	1011
676	1162
1098	1232
672	1319
1623	2065
3131	4220
3130	4116
1622	1809
1418	1606
1412	1574
1414	1805
1415	1856
1416	2109
1417	1910
1320	1817
1321	1859
1620	1564
1525	2018
1527	2019
1521	2016
1523	2017
1529	2020
1258	1762
1259	1948
301	653
302	584
303	585
70	313
989	1151
2971	3614
3052	3797
3603	4565
3602	4552
3601	4694
3607	4660
3606	4317
3608	4375
984	1321
2353	3060
2350	3091
1898	2451
1899	2402
3739	1576
1894	2338
1895	2549
1896	2565
1897	2454
1890	2446
3732	4623
3730	4272
2136	2385
958	873
2134	2586
2135	2471
2132	2409
952	1297
954	952
2138	2211
2640	2838
2646	3098
2002	2317
2001	2581
719	1281
506	308
1268	1790
3556	4126
3555	4115
1262	2014
717	1209
919	1224
1261	1141
2910	3541
2911	3872
2912	4024
2913	3801
2914	3944
2919	3472
1791	1853
1790	1554
1797	2172
1796	2514
1794	2263
916	1263
1061	993
1060	1314
1063	1107
1062	964
1065	1168
1663	1881
1662	2053
1661	1837
1087	1807
1086	1861
1085	1292
1082	978
596	1350
599	1166
598	1191
1089	1157
1088	1900
2829	4069
2824	3663
2827	3763
2820	3222
2821	3878
2822	3963
3385	4207
3383	4332
3380	4613
3381	4358
3389	4545
1408	1646
1403	1912
1404	1825
692	876
449	552
448	844
1491	1711
693	929
443	660
442	678
1337	1784
440	186
1331	1598
1631	1971
694	917
3093	4180
1534	1612
3096	4281
3097	4326
1531	2021
3099	4381
334	182
337	203
3266	4187
333	292
332	231
1633	2139
3899	5088
3890	5206
3891	4751
3897	4868
846	1352
1111	975
843	976
842	1478
840	1327
1101	1294
3639	4518
3634	4319
3632	4590
3633	4713
849	1132
2346	3081
2340	3007
1889	2213
1888	2470
3703	4337
3700	4345
3706	4652
3704	3466
2121	2489
2120	2654
2122	2730
2125	2388
2124	2294
2129	3028
2128	2774
944	1313
945	1312
942	1307
943	1308
941	1428
2650	3056
3416	4369
3417	4235
3412	4339
410	362
2014	2577
2017	2739
3562	4440
3568	4618
3569	4404
2901	3661
2907	4071
2905	3702
2908	3738
88	389
82	263
80	520
87	519
1658	1989
1659	1972
1650	2146
1656	1896
1654	2070
411	652
586	1053
585	1333
580	239
3215	4373
1632	1967
3153	4580
3217	4119
3156	4228
2838	4025
2835	3705
2830	3868
3390	4527
3393	4256
1435	2148
1432	1775
1433	2048
3396	4146
1348	2144
450	738
452	760
1343	1772
1500	1854
652	1113
1507	1942
1504	1682
1505	1556
1508	1601
3083	4556
3082	4417
1992	2566
3886	5193
3881	5039
830	949
3889	4803
3888	4824
946	969
568	667
752	1026
325	367
3628	4695
3621	4383
3620	4384
3626	4307
2330	3252
2335	3347
2336	3418
2338	3139
3072	3861
1596	1627
1591	1638
1590	1725
3714	4331
3713	4575
3712	4321
1296	1830
3718	4715
2488	2866
2484	2826
2483	3112
2480	3403
2248	3360
2246	3055
2241	3113
2243	3128
2464	3068
2460	2878
993	1475
2463	3121
2468	2819
3401	4401
3403	4487
3402	4614
1186	2005
2798	3572
2799	3806
1187	2001
2792	3641
2061	2362
2062	2603
2796	3909
2797	3456
2067	2462
1185	2004
3574	4505
3570	4447
2667	3011
722	1002
2668	2366
2938	3990
2932	3869
1645	2002
1644	2147
1647	1994
1646	1999
1643	1995
1649	1899
1648	2102
728	1262
579	1192
604	1183
573	1096
571	1416
577	954
575	1326
574	1117
2802	3799
3167	4437
2800	3475
3162	4391
2807	3542
3161	4313
1423	2071
3368	4354
3365	4451
3367	4425
3362	4212
731	1015
733	914
735	1306
737	930
736	1220
738	931
1359	1587
1358	1586
469	187
468	658
1353	1639
1352	1609
1351	2011
466	269
1355	2137
1354	2006
1519	2015
1516	2007
1510	1526
3185	4453
3180	3706
354	379
353	238
359	751
2322	3104
2326	3318
2329	3405
1793	2296
280	576
283	659
282	539
285	253
284	180
287	532
1114	1206
3762	4385
3763	4168
3766	4183
1292	1935
267	845
266	458
268	415
1290	1707
2498	3035
1291	1645
2490	3079
2492	3099
2495	3118
2494	3242
2496	2937
259	378
1294	1625
2257	3157
2256	3343
2254	3160
2253	2968
2475	3294
2474	3194
2473	2891
2472	3350
2471	3126
2470	3017
982	1225
980	237
986	1177
987	1507
985	1006
115	437
112	372
118	685
2786	4006
2780	3800
2789	2927
2070	2606
2076	2267
3500	4357
3501	4616
3502	4099
2929	3555
2921	4075
2925	3494
2924	3991
2926	3906
708	1386
3214	4211
1987	2567
3216	4372
1985	2326
1635	2036
1636	1596
3213	4303
1638	1785
3219	4574
1988	2715
569	824
2817	3660
2813	3905
560	194
561	258
562	196
563	664
2819	3667
2818	3779
3178	4650
3170	4347
3173	4561
3172	4380
3175	4352
3174	4114
1188	1991
3377	4248
3376	4439
3375	4169
3374	4430
3373	4291
3372	4327
1180	2067
3370	4371
726	1264
727	1340
1748	2008
1749	2079
720	1048
721	1255
1747	2086
1742	1740
1743	1899
1614	1597
1162	2055
472	177
473	454
470	244
1568	1905
1569	1743
471	393
1562	2115
1563	2114
1564	1571
1565	1831
1566	1569
1295	1793
793	1138
792	1389
791	973
1366	2047
1364	1581
1365	2140
476	201
1363	1539
475	731
1865	2724
478	673
479	829
x1	x1
